%load parameters
R1 = 0.83;
C1=1.5;
R2 = 0.05;
I1= 0.005;